61

100 1 80 4
2000 2 50 15
3000 1 3 10
4000 1 2 2
5000 2 10 3
8000 2 40 35
8100 2 7 62
8200 2 58 50
8300 2 1 99
8400 2 60 79

25000 1 16 16
26000 2 45 6
29000 1 92 2
34000 2 130 18
34500 2 135 18
35000 2 140 18
35500 2 145 18
36000 2 150 18
40000 1 181 8
41000 1 176 3

42000 2 100 2
43000 2 84 2
44000 2 68 6
45000 2 75 10
46000 2 92 14
47000 2 108 10
48000 2 115 6
52000 2 183 30
52100 2 125 56
52200 2 179 44

60000 2 141 49
60001 2 142 49
60002 2 143 49
60003 2 141 50
60004 2 142 50
60005 2 143 50
60006 2 141 51
60007 2 142 51
60008 2 143 51
60009 1 142 52

70000 1 150 98
72000 2 130 98
74000 2 110 98
75000 2 113 90
76000 2 90 98
80000 1 92 49
80100 1 92 51
82000 2 120 17
84000 2 120 1
86000 2 30 16

90000 2 8 50
92000 2 10 66
94000 2 12 81
96000 2 23 85
98000 2 34 89
100000 2 55 92
102000 2 73 97
104000 2 95 96
106000 2 117 95
108000 2 151 97

110000 2 183 99 

У нас уже есть
Топлива: 11 из 11
Очков: 50 из 50